-1.308849611707910583e+02 -2.353578599004598573e+02 4.495896492515552012e-01
-1.293365422571858403e+02 -2.355570299040258249e+02 4.603736621961456166e-01
-1.277150188300359588e+02 -2.357355295713553858e+02 4.192157894580663680e-01
-1.260643082590652853e+02 -2.359272217577977528e+02 4.056922573498056295e-01
-1.244881415836891421e+02 -2.359985015723663935e+02 3.638422202798423655e-01
-1.229028780753699976e+02 -2.361426050216571753e+02 3.237068899684309997e-01
-1.212375642046902726e+02 -2.361767645804476956e+02 3.812221121265881862e-01
-1.195959604034247263e+02 -2.362821975111591541e+02 3.230939913834092181e-01
-1.179181549885843197e+02 -2.362606905065278511e+02 2.848387701454964116e-01
-1.162520540026195306e+02 -2.362657270212517915e+02 3.278970456404941558e-01
-1.145271440631828881e+02 -2.361948072635794347e+02 2.986118951645320152e-01
-1.127984976903736083e+02 -2.361584973269387149e+02 2.836252392182707638e-01
-1.110420146316770058e+02 -2.359764992346123336e+02 2.057201398255070757e-01
-1.093087812518345601e+02 -2.358934272226935320e+02 2.061633741953379229e-01
-1.075502050926294544e+02 -2.356677857236015541e+02 2.223393436855136684e-01
-1.058651929949459713e+02 -2.355398363762258498e+02 2.026931696958076401e-01
-1.040140477508182926e+02 -2.352759676160010827e+02 1.334102143104534122e-01
-1.021915944282983162e+02 -2.350206992510698001e+02 1.323325463759648102e-01
-1.003607083170972629e+02 -2.347198518727269914e+02 9.234163810485718216e-02
-9.852039188997605379e+01 -2.343767850330317799e+02 9.833753823310509290e-02
-9.664813894544070649e+01 -2.339857232609160747e+02 3.915074922988992512e-02
-9.488836152940042723e+01 -2.336079213019427812e+02 7.463125206597887029e-02
-9.303077045973785175e+01 -2.332141923680608784e+02 8.841427069485874313e-03
-9.113699727019870522e+01 -2.327183034025375150e+02 3.681849639210454939e-02
-8.914414906766265290e+01 -2.321922405381459384e+02 6.456570324239407910e-02
-8.723314196847742608e+01 -2.316537247165049109e+02 2.370870799055957434e-02
-8.532056845653474397e+01 -2.310671948957155450e+02 6.439194479039400676e-03
-8.339805507107189442e+01 -2.304658590800010813e+02 -1.251535395273606355e-02
-8.148021627537059430e+01 -2.298352788833993543e+02 -6.361130392646607845e-02
-7.948598852443824114e+01 -2.291196658112933449e+02 -6.286196068875682386e-02
-7.751481906175563097e+01 -2.283274380448579279e+02 -3.126863314602879029e-02
-7.553605954426076607e+01 -2.275798022795319753e+02 -1.770788220793306778e-02
-7.353433249458211662e+01 -2.267834323173842677e+02 -5.561382324165542457e-02
-7.149797420391236358e+01 -2.259919548621646754e+02 -7.109287145951803666e-02
-6.946808723859888346e+01 -2.250549263288528152e+02 -1.386617807954717563e-01
-6.742043670787839460e+01 -2.241258327319165460e+02 -7.742208320337784500e-02
-6.537640666683782342e+01 -2.231453274090536070e+02 -4.537823594506384950e-02
-6.329230291424799759e+01 -2.221570595026502133e+02 -1.196789932158184300e-01
-6.121918303569576381e+01 -2.211138243398114298e+02 -1.194022888437142882e-01
-5.916824882709411071e+01 -2.200579760467576307e+02 -1.696810277396094691e-01
-5.703793883330634173e+01 -2.189065740984208048e+02 -1.873557322359307165e-01
-5.495424761195247498e+01 -2.177099230796799247e+02 -1.783717464169782829e-01
-5.282518567254612663e+01 -2.164277976535510106e+02 -1.634573185344176949e-01
-5.067484359036036068e+01 -2.151233916788016245e+02 -1.536171715326437592e-01
-4.856264465349659787e+01 -2.138129385404760967e+02 -1.726252800522560804e-01
-4.641003083392497075e+01 -2.124889814141775730e+02 -1.996816533248075842e-01
-4.428693069467641408e+01 -2.110963261630959664e+02 -1.947333240668616128e-01
-4.207926416916052403e+01 -2.095685613226119699e+02 -2.178056701436510423e-01
-3.993480302681660987e+01 -2.080600218828422214e+02 -2.115744816305822340e-01
-3.776591515232003360e+01 -2.064932780178334610e+02 -2.194802578176959784e-01
-3.560332172643583704e+01 -2.048743411099714535e+02 -2.290491345397169809e-01
-3.336835322543019799e+01 -2.032543270329290692e+02 -1.646860507796632511e-01
-3.120694618949845278e+01 -2.015569772953890606e+02 -1.950049056645961620e-01
-2.900989311811701654e+01 -1.997050460318208422e+02 -1.930206070110926930e-01
-2.679439789590016474e+01 -1.979331956791392315e+02 -1.987555616987322082e-01
-2.453114892487531407e+01 -1.960009482720611516e+02 -2.144602084941720221e-01
-2.234320230609920443e+01 -1.940936942653589199e+02 -2.004918561412294409e-01
-2.012736796211837742e+01 -1.920919604733217625e+02 -2.222095295123307501e-01
-1.785942809607074722e+01 -1.900977384799509764e+02 -1.962739013719430048e-01
-1.565082142184263958e+01 -1.879190532896489003e+02 -1.625620258450273248e-01
-1.342840905801639906e+01 -1.857150333660508750e+02 -1.782454613156236878e-01
-1.116935486733518523e+01 -1.834871367297367613e+02 -1.740941032252820708e-01
-8.941012689658339951e+00 -1.811844648870204821e+02 -2.024552151384324539e-01
-6.667207268207354431e+00 -1.788178596954916770e+02 -2.094105137020861873e-01
-4.433397921446045054e+00 -1.763670897892644973e+02 -1.806585356662151476e-01
-2.176550998885478538e+00 -1.738915601982550641e+02 -1.593667603607248628e-01
5.609416595589636345e-02 -1.712474759897521039e+02 -1.163630353063991735e-01
2.314836611091111163e+00 -1.685828442780748446e+02 -1.590856653569552859e-01
4.479239939303024443e+00 -1.658842944926608141e+02 -1.799983044372491792e-01
6.803757290727529217e+00 -1.631172453182046240e+02 -1.877726863834783266e-01
8.935893202075533281e+00 -1.602403078000227765e+02 -1.990611459213647016e-01
1.122523998517679189e+01 -1.573034784697048849e+02 -1.917177662143942918e-01
1.340262303288295342e+01 -1.542356065063836184e+02 -1.484254552309003383e-01
1.559261286471887864e+01 -1.511647144886135266e+02 -1.204026310112680243e-01
1.771919376856013528e+01 -1.478916596133494465e+02 -1.344912926528052388e-01
1.994238378178911830e+01 -1.445890939634859649e+02 -6.922717735584704712e-02
2.206996837039735482e+01 -1.411959313034438992e+02 -6.869332807715311517e-02
2.416899446515037297e+01 -1.376848171221680275e+02 -6.341936104170420307e-02
2.624418667547576334e+01 -1.341776712155931648e+02 -3.591126416073375793e-02
2.831692746933602223e+01 -1.304082446205012786e+02 -4.520874782603279129e-02
3.036797909173251853e+01 -1.266729003930751531e+02 -4.296343735341068282e-02
3.243366528524808956e+01 -1.228156390217429674e+02 1.204102770613779683e-03
3.432575638619020708e+01 -1.187517052861245617e+02 7.821219837704340705e-03
3.631246451804962305e+01 -1.147302258763943570e+02 6.286886528070212421e-02
3.814314435313348639e+01 -1.104656324835506354e+02 -3.821434279980184812e-02
4.003613382185944403e+01 -1.061394515944172099e+02 5.795457022049532725e-03
4.179981663829988037e+01 -1.016371500760239144e+02 6.270767668745946821e-02
4.346547412596613214e+01 -9.703380028654532907e+01 1.135788067672836021e-01
4.511541732613738986e+01 -9.233220431558719099e+01 1.995825370813335553e-01
4.661118244649150455e+01 -8.745877850816933119e+01 1.481043786968374576e-01
4.812467872124003065e+01 -8.242974951137217943e+01 1.445365724069747060e-01
4.948942621991747615e+01 -7.725386502386083976e+01 7.929959360400395951e-02
5.070383306016732661e+01 -7.184620770373142307e+01 1.279005409492972589e-01
5.174603508757316206e+01 -6.632846971315051121e+01 1.124211147211529038e-01
5.270437677024630574e+01 -6.071917309574948973e+01 2.382904547314437238e-01
5.353237653901970106e+01 -5.493559778119307424e+01 2.226794675164738280e-01
5.413108353825031571e+01 -4.897062376608450052e+01 2.297730118182945702e-01
5.453520874878706337e+01 -4.276168235200019296e+01 1.861213829534333897e-01
5.466107234719424213e+01 -3.644851370095062748e+01 1.864269347947873356e-01
5.455748344069099431e+01 -2.996608120931011854e+01 2.446647003408655152e-01
5.412087237834961684e+01 -2.340803836192839782e+01 2.682456891380633479e-01
5.333427692286309707e+01 -1.664842553178903373e+01 3.238994297956567792e-01
5.227199506603721346e+01 -9.854771237940271433e+00 2.648998031626170757e-01
5.068989036414237148e+01 -3.027781690290481276e+00 2.546264454964122237e-01
4.878246361857856073e+01 3.701417342800526811e+00 2.359180212999589799e-01
4.634701588669445727e+01 1.046535339073242277e+01 2.543272370379883185e-01
4.347865524857352426e+01 1.707938247526016440e+01 2.643061452189829907e-01
4.021036542550255177e+01 2.361215840657479959e+01 2.410222486603457170e-01
3.649105881514979899e+01 2.984157058921231354e+01 1.737432078405074520e-01
3.238379471041977098e+01 3.575968678231165399e+01 1.776761128160408987e-01
2.808086891830149767e+01 4.129314812558229875e+01 1.990161746429199852e-01
2.343089504684428093e+01 4.639574229233971181e+01 1.710625144997282021e-01
1.871357131807222274e+01 5.116239580021913014e+01 1.987690077994317406e-01
1.382817321727311644e+01 5.554627440604201638e+01 2.103761746743149086e-01
8.856848218770897674e+00 5.952703025459329211e+01 1.572667744443025928e-01
3.901545496806604785e+00 6.305319882375464857e+01 1.070098674085140367e-01
-1.057001250904517686e+00 6.646831720224327000e+01 9.940380813101816482e-02
-6.012429594897737317e+00 6.937488865538547600e+01 1.309487491726460950e-01
-1.081477024764028272e+01 7.216413714874695984e+01 7.375277998778906330e-02
-1.565063158962230894e+01 7.464617497657938827e+01 2.828729464202295318e-02
-2.038953130809860426e+01 7.680195803160204093e+01 2.384563059529920537e-02
-2.494454765195547097e+01 7.878651230628764779e+01 -3.229018677523853853e-02
-2.932234541845983600e+01 8.041273786897227183e+01 -9.380469655532852613e-03
-3.370861647778497883e+01 8.199607229185407675e+01 5.439208952379770423e-02
-3.781095978775455535e+01 8.320431460610915053e+01 2.990455478837716896e-02
-4.188476105131207561e+01 8.433606337743162840e+01 5.112176952425429022e-02
-4.590396570290822353e+01 8.534417578308953978e+01 -9.927160134700407923e-03
-4.974464062267697528e+01 8.623658712960124717e+01 -8.546829663332111693e-02
-5.341807818294822141e+01 8.697566618934513372e+01 -8.715584825036959415e-02
-5.704530558386974803e+01 8.747348439327028302e+01 -4.060291628279788512e-02
-6.058649212409328300e+01 8.791344900091752379e+01 -5.586990729366103636e-02
-6.396164844040447406e+01 8.819281354384908411e+01 -2.783559327862850097e-02
-6.717232287168039306e+01 8.832713149960333965e+01 -6.671552103210220963e-02
-7.030135902930553016e+01 8.840193399026178156e+01 -5.066312352302748678e-02
-7.321274082869035738e+01 8.838722715026788990e+01 -1.484830606838478673e-01
-7.615157980796010406e+01 8.831907844402921626e+01 -1.029146826162765649e-01
-7.894458230411991906e+01 8.804212453525184401e+01 -1.574042513340128124e-01
-8.162760809771451420e+01 8.778435758905584407e+01 -1.457301293612633941e-01
-8.413667165462717890e+01 8.736382407262067318e+01 -9.829298951816767271e-02
-8.664557473788404707e+01 8.680769644677263841e+01 -1.705866989109114940e-01
-8.890371740902861575e+01 8.620748619173730276e+01 -7.568404172770115679e-02
-9.115954810676437603e+01 8.560677445120137463e+01 -1.275269359497990251e-01
-9.326440303226445394e+01 8.495584280284889189e+01 -1.490139231564100442e-01
-9.534128253145473764e+01 8.422229901303106203e+01 -1.297444951220150244e-01
-9.725489418098553074e+01 8.337581726913582258e+01 -1.858887940500846270e-01
-9.911221460560025776e+01 8.248219131127534354e+01 -1.272387401028893805e-01
-1.008724264490458609e+02 8.146751631019924389e+01 -1.356245336845063321e-01
-1.024147643357059962e+02 8.036965904322613596e+01 -6.538913167055149245e-02
-1.039574681258106210e+02 7.925332472736903355e+01 -1.735994041942756638e-01
-1.053443764676689369e+02 7.818764347881437970e+01 -1.247197192236288998e-01
-1.066375861759449606e+02 7.700543300240288147e+01 -1.333864899900039092e-01
